8

-0.10000 0.00000 0.00000 0.00000 0.00000 0.00000 0.00000 0.00000

1.62000 -0.81000 0.00000 0.00000 0.00000 0.00000 0.00000 0.00000
0.00000 1.62000 -0.81000 0.00000 0.00000 0.00000 0.00000 0.00000
0.00000 0.00000 1.62000 -0.81000 0.00000 0.00000 0.00000 0.00000
0.00000 0.00000 0.00000 1.62000 -0.81000 0.00000 0.00000 0.00000
0.00000 0.00000 0.00000 0.00000 1.62000 -0.81000 0.00000 0.00000
0.00000 0.00000 0.00000 0.00000 0.00000 1.62000 -0.81000 0.00000
0.00000 0.00000 0.00000 0.00000 0.00000 0.00000 1.62000 -0.81000
0.00000 0.00000 0.00000 0.00000 0.00000 0.00000 0.00000 1.62000

1.00000 0.00000 0.00000 0.00000 0.00000 0.00000 0.00000 0.00000 1.00000 0.00000 0.00000 0.00000 0.00000 0.00000 0.00000 0.00000
-1.00000 1.00000 0.00000 0.00000 0.00000 0.00000 0.00000 0.00000 -1.00000 1.00000 0.00000 0.00000 0.00000 0.00000 0.00000 0.00000
0.00000 -1.00000 1.00000 0.00000 0.00000 0.00000 0.00000 0.00000 0.00000 -1.00000 1.00000 0.00000 0.00000 0.00000 0.00000 0.00000
0.00000 0.00000 -1.00000 1.00000 0.00000 0.00000 0.00000 0.00000 0.00000 0.00000 -1.00000 1.00000 0.00000 0.00000 0.00000 0.00000
0.00000 0.00000 0.00000 -1.00000 1.00000 0.00000 0.00000 0.00000 0.00000 0.00000 0.00000 -1.00000 1.00000 0.00000 0.00000 0.00000
0.00000 0.00000 0.00000 0.00000 -1.00000 1.00000 0.00000 0.00000 0.00000 0.00000 0.00000 0.00000 -1.00000 1.00000 0.00000 0.00000
0.00000 0.00000 0.00000 0.00000 0.00000 -1.00000 1.00000 0.00000 0.00000 0.00000 0.00000 0.00000 0.00000 -1.00000 1.00000 0.00000
0.00000 0.00000 0.00000 0.00000 0.00000 0.00000 -1.00000 1.00000 0.00000 0.00000 0.00000 0.00000 0.00000 0.00000 -1.00000 1.00000

1.00000 1.00000 1.00000 1.00000 1.00000 1.00000 1.00000 1.00000

5 5 5 5 5 5 5 5
